1111110011111001110110011100011111000001111100000011110110011111011010100101001000110111001101111100111110100011110000001001001000011011010111000010101010100101100011001111011101101001011111101000010001111100101011001111010101010100000110100010101010110101
1101010101100001011110001101010001001101100100000101100010100000011011111111100110110001010100111110110001101110000101111000011011000110100011010000001110010111100000000000011000000100101011010011011110011010000110111001001101011000010101101110010111001100
0000101101110010100001000101011001000000001110111111010000010000110000011010001100111000101110010010100110011110001000001011000101110010111111111011101001100101000000001101010111000100101110101110110111100001001010001011100110101110000100010001001100010001
0000111000100101001111010000010001100111110010100100100000111010111100011101000110100000011001110100111000010010111011000001011001110110110110001100000011110100110001010111100111010111000110000110100110000101111001011011011010101101110110010101011001110101
1110101110011000111110101111101010000011111100100011111111100000001110011110001110101010001111010001000101001101010111101010010011111111000001101001100011101110010101101100111110010100100101100010010100110101001101100100110001011001011011001100110100001110
0011010111110100101001000011010110111001100001110100000001110100010000001011000100101110100011100100000110101010000100110101110001110110100100001111010000010100000011011011011001000111001001000000010010011110000010001011100111011110101001101010101100101001
1111010101011011000110101100010110011011101100111000010101110001101001101101010011000110010001100011100110100111011000111101001011111110010000000110010110010011001010011010100111000000111110010100000101100101111100111011001101000111000000000000110001010100
1001110010111100100101011001110000010010011101000001001010000000011101001100010100111001010101111101101011011101110110011001101011111111111101110100010100000000000101100111111100011011010100101110010001100110111001111110111011001110001010001111010010100101
0000110100111101100011100010010110011000100110011001001001011010011010110110111001010010110011011110101100110110000001000111100110000111101101101011011101010100011111001010000010110011001111100100101010111010111111011010011010010101000100101000001100100001
1010100001000011100010101101001000011001101100000110100011100001110111000101011111001011101100111111110100000100111111001011101000101101100111001110111110111110101010111011101101010000001010001111000010100001110010001111111001011000010011011000011101100110
0011001101101101010000011000111001001010111101111001100100011001110101011100000110100001111010110001001110110000101110111101001000101000110101000011111001100000011110110101100011100110111100001101000101001111001101011100011110111111001010111011010010110000
1101000000001100011111001011011011111100101111010110011000110000011110000100110011100010011101001011001000100111011010010111111010111110110111000110000110010010000000011110111010000111101100110100111101110100010010100001110000110001101011100000000000101001
0000011110010011011101010000100111011100100100101010011000011011001000111101111101011110100001011100111000100001010010001111010111111100101111100101101100110011101101101111010010110001010100011000110011010110110101101011101100111101001110110011111111010011
1101101001011010000100111111101001000000001111011111111110001110110000111100100110110101001101100001010000010000001100011001110111110000101010000111110010110001000001110100110100100110011000101100000000101111011101000011011000010001010111101010011001110000
1110111110010001000100011011011110101000001100001000010111010000000111001111000101001101100010000111111010110000101111010000011011101010000110011000101000011101011100101101100010110110110011011100011101111110000010011111111111111001010100001100000110000100
1101001010111011111100011111011010010101110000110010000010100111000011011001111100011110111011100111100001101011110011111001100110010011001001111010110101100111011001000111010101010010101011010000100010000001110101110111110011000011111001101111000011110111
0101001001000111111110111110100101001010000100011000111010000101000110000101011010111110110011101110010110001111101111100010101011101011111100111011000001100010101110111111101001000011010110111110111011111110010101000110110001000111001010110100000010001011
1010100010110001100001100111010100011011011011110000101011101001001001101011110110111101100001110011101000001110110100010110010101001111101100101101001100011000001101111001111100110011100001101100110011000111101110010010001010010001011110010111001000001100
1100001110101110011101001011101110111011111010000010110010000100010011100111111000001001100011010000110101111100110001011011001001110000000110010000110101110110000000011110110000100000111101000100001100000100101000111011110101011001110110001001101111101010
1110011010000110001000011000111000110000001100010110010111111000011111111001001101010010111101001001011010001101100111110100101111000011001110010111111001111101010001111100011110100101010110101011010101001101001000101011011100010001111010101000110011111111
1110111100110000011111100011000101000111101010010100111101011100101011000110000110100100000111010101011110001001110011000110010111001101111111000101010100001011110011001100000110100100111111100010101110111011011010110011010111101100100111110100010010010110
0000011111010100110111111001001101100010000001000011111100100100111010010111000100111000110101010101110011000011111111101101010001101011111001010011100010010010001011101111001011110110100001110111001001111100001101010010000000001000100100011100001101000100
0000011110010010000100010101100100010110010110000001111111001100100010001010100101001011000011110001100101010101011100111100100101010000100110001111001010111000100110011111000000111000111011111101110100101010001011110111011011010011011101001001001110000010
1111010101101101001100010111110011111100001100101101000001011111010010110110111010001011001010100010111100111010110010111010110110101001001010110100111001001111101100001000100100011001110000001010110101010000001011001101011001111111000001110011001110001001
0010110111011001111010011001000101101110011110011010010101001001010101000101111011110101110111011110000100011001010100011110000010111110111010110111101000010100101101011101110100100110100001111111001101001001111111011111011000110001110110001101001001000001
1000000000010111100110111110100100101010011100111111101011001000010101001010111011111011011010000100100011000001101001110101010111100011111000110000011101111001001111011001001010110011101010000011000010010011011100010111000100100001110001011011010111101100
0010110001010001000001111001011110101010100101100110100110010110101111001010000011100110110000010100110010000111001110101000001010001000000111101011111111000001010101010001111101011010111101111001111001111001011100010000010110000001011001010111100001010001
1111111001000011100111101011011101101011010001111001010000101101100100001111010011100110010100001001000010011001111011111110100101001000110110010110010111001101011110001111111100110000101111011110001101000011100110001000011010111011110001100101001011010101
0001100000000111011111101101011101100111100100010111101110011011100101000110000010011010111000101011110010100101010101010100111111100000101110100010100101111111011101001101010100010111100101000100010101010011010101111101011110111000110000110010011110001111
0000110111110101100101001010111101001110000101000000111111010111101101001110100001001111010010110110010010010111000000011001001110011110000111100111110100000100111010110100000111101000001110000101001111111010110011100001100000000100011110011100101110010111
1100011100001100111011000111010000111000111011111001011110100001011100010001000100101000000111010111001110000100000101101001100011101000000010001110110100100010100010011111111101010100010111001101110101000110110110010011001111001011010011000000100001011000
0110100100100101000100100101110100010011101100000110100111101100000111011101110001111111110101001100110000100101100000101100111111101010110001100100010011111010110100101111101000001011110011110001101110101100010011011001110000000111010010111101100010110111
0001100101110110010101000000010100110001011101011100000000111111101110111110011110010000001110000001010000111000110011000010111010011111000011000000111111001011100110111001101100101001000110010100110110011000111100001100110000101011100101000010010100110011
1110010001000011011000110001000001001100000111101000010000100101110110100110111110011100011101000011101010100010000101010010010001111000111010000010011001101100110110110010001110110110101001100110010011101010101001101101100111100100001011100111001111111010
1011011111000100001100010000100000001111100101010110110001001010001010010110010111110011101011110001101100110010011111111010111000000011111100100010100011101110101111010001001000010110101001111010100001001010101001011111011111010111110010100110111000010110
0100010011110111011101111111011011001010111011101111111001001011010011001000011010101110110001110001010011011100000011011000011001011000101011101110111010101000010110101001110000010111110001110011101011011000000100001100010011000010001111001000100000111001
0010100001010000100110101100000010011011011010000111010000000101000000001100001001011111001101001110100100010000011101010010011011111110010010101110100100100001101010111001000110101101101001000100010101100110010111001111010010000101110101001010001011001101
0100011100010110100010010100010111100011001000101001001100010101000011001111110001111001011111101000110010001100000011010001111010100011100010101100101101001100111001111101001100110011110110110101100110000110010100011110001010010100001111111101001000101100
0111101111011100001111001010111101100111111110110011010001100101011011011011100011101010110001111000101110011101010101100110111001010000100101101101110010001000101100001101100110100111100000100000000111111101100100100000110111111101101010110001110110010001
0101111111100001111100110001111101111000001001010001110000111100111101011000010101010110100111100101011100011110110101110000110010010010011101011011101011110010011111101011101110001110111011110111101111100110111100110111000001100011000000011101011100111110
0110001100100101101011011100010001000110011111101011110110110110101011011100001011010001100110100110110001111100010101111100000110011100001111001110000010101011100000010101000100101001001110011111000000100001011001000111111110011110001100101010100010101010
0111000100010111100100010101010000011111011110100101001001000100010100100011100001101111101101100001101010000011001000100000011001111110001111101100001110101100011010111011010010010000010010000101000110100001111100010100000010011111111100010111110110111100
0000001101101001001010000001001011111110010101101110101100111111010000001010000001111000000010101000111000001100100111000010001100110100110010100000100110010100001110011010001111100001000110100100111110100110001001010100000000110111100110010110111000000011
1101111010010011111111000000111000011100001101001000100100111011011000111000100000001100000001110001001101001101010111001011110111101011100010110111010010010000100101011110011010111111001001001010010100101000100011010001011100101000101101010110111110011110
1101000001011110111000101111010110101001110101100000000010000011010100000000011110011101100101000010011000011001000101001100110111011011010101001010110100110011100101101011111110011100110100001011110001110101101011010111101111100100110110100011110101010110
1100111101000001101110000011111010000001011111110100110111011010110001110001111010001001011010000110111001010100111010010001101111100101011000101011100010101010100100011001010000111110110010010101111000111110010111011101000101001000010000111010011010010100
0111100011011010101000110011010001111010110110110101011110001011010001011111111101011100000111111100001101001111111110011110100011110000101001111000111111100001011100100101111110100010100110001111111111001011001100101010011101111101011111001001000001110100
0111010000011011001011011001000100110111100010000001000101111010101010000101100010101100111000001100011100001011010001110101100011000001011101111000010100011001111000110110111011010100100000001111100000010110110001111000010011001111000001110001010011110000
0100100001100101010111001011100010101001110010001110110101000010100100111010110110011001111101110010001100011001000100110001000110001100101110110001010000001110010111101110000001110001111010001001100000100000000010011000110011001100100101010111110101000010
0010001001111001100100110110011101111111111000101010110110010001011110001111001011111010111011010001010001101111101110110111111001100111001010001001110110001011010110000001001101001100010000011111111100100110000110010100000010011010010001101001110011101001
1001100101101001001111010111111010111101010010000111000111111100111100110011001110100000101100110100010111011001001000001011000110011110101110000010010101111010011010111100110010001100010010100011100010001000100110100101100111111011110010101001000010110001
1010110100001110011100011101111000001110000011011000111111011110101100011111011111000100111001110101010110110001001000011100111101101010000111011100001010101011100101111010001111111011011111000000110010111110111000011111100101101011111010111000110001110101
1010010001100001110100001011001111000100110010101010101101111000010111010111100111100001010110000001101001111001011001110010010001111010111010101011110110101000001001101001111010011010010011100101000110110001100011011101010000000000101001100011000111000010
1011001010100000101000001111110001010101011100111111111100000110101101111011011111011000001011011110100101110111100000100100001000101110001000100010110100010110011000001011000100100110111111010001010111000110010110001000110001011100010101000110000001001100
0010001011110000101101110100101101101110100010111011110111101000011000111010010000001011000111101010001001101101001110011010111011010110110110010100001101000001111011111111110001010000111101100111001100001111110101011000101000110111100011101111100010000111
1101111000011100000110001010001100101011000110001010101010010100110110011011110100100111101111011101111011001000110100010011110010100110110110010011000000000001100101111111111100101101100001111001010001011001000000101110010000111101010101110000011101010111
1110001101010101010010010001101101101001010101000100000010110011011110100001011100111000010010000110101111010111101001011110000110101110101011000100100110101000001000010111100001111001110000100011111101001000100001101100100000111011110001100001110011011111
0000010110111110100110011101110111110001110001101011101110000111101011100111010111001000100010010100000001101010010011111010000001011000110101010011010110111110110111101110001101111011010110101010010001100001110001100100000111001011101011010101110001000001
1101001001001000101000101010101110111001111011001010011010001011110110101000001111000100001001011011110100011010001011011011101011001110100110011101111111001001111111110100101100001010111010101110001000100110001101111011111001110111011100111000110001001101
0111010100000111000101100101100010101100100001011111000100011000101001100001001110110101101011000010010100011000101100011011100111001111010101011010100110110011011101000000000110111111101101000100010111101101011001011001101001110011011110011001010010001011
0110101000101110001000010001111110110110011011001111000100111100101110010011010100110110011010101000110011110011000100001110111100010101110101100100111010000001101001100011011000010000001101110100011011001111111011000000010010110000110110110001011001001000
0100100100101111110110000010011000100001100100101001000000100000000100010110011001100010010111100111100001100101100110101011001100100110010100010110111111110001000111011010011100110001010100001011000000010001111101011001001001101001100000011100101010011101
1110111111010010110000010010011111011010100111111010011101001011001111101011101000110010101100111101110010000000001100100110010010110010001111010100110101111011111011111001101011101111000101001100001100110011101111011111101011010110000000111011010101011010
0100101011110100010001010111100100101010000010010011111111100111110111011001000000111110001010000110011011000000101110101101010001101010111110001100100010101100100010001101100011111011111110001010101010011001000110011010000001000011100010001111101111101111
1011011100100110101010001100101001110011111100111111011110110000100110111000110001000100100011000111111111101111011001111001010010011100000011111111100110110011100010111000010100100001111110010010010011101110010111001100011011111011100001111100100010101010
1110101001011000100011010010110101100011110011110001111111001001010000000110010100011101011100000000111010010100110011001101101111100001010111000110100111110110100100101010101111001111001110101101110010101101001111101010011011100000111001010100101101000000
0110101011001110011101001010011010110010001101110111000100011101111010011101000001110011000110101011111110101011111111011111111111111101100010111111110111001111101001001100011001000100011101001000000111001110100110100100101111110001010000011001001101011101
1010000010110001110010010001100100010111110010100010000101100110111010101011001000001100100100010011001110010101100101011111010011100111010111011110001010011011111010000011101111101000000100110011001010000110010110111010111100100100010100111011001000001100
0101010101001110000011110110011011001011001101101101000001011011010100100010010010000010110100100100110000111110111110000011011000101100011001010000101100110111000001000011110101111111011010000000000011100101010101111001000011001111100011011011010011000111
1000101100001111100011010011110101000111010011110000001001111011000000101010010011111100101001000011101101001001000111110110010000110100110000000001111000100011111000110011111011001001100101100101011001100100001000010100100100111111111100000010010100011111
0110100011100111110111010110100011000110000110001011110100101111011111000101101101011011001000110000111010010111011111011001000001000000110011100100001110110101011111110100000010001111000000111110101100101011011111101101100011011111110101011101010110001011
1010010000101011001101100110011100110001011001111101001110010010011010110000000110011110000101001110111000101000000000100001110001011110110001101010010011100001101011101110110001101001110011100000001101000111110110001101001101010101011101000110000100111101
0100101001010110110001111011011100010101001110110001011111110111101110100111100001100100001010001001001100101010110011000110100010110110101001001011010011101111001100010000001000010001000000001101111010001110010111111011100000000010100101110001111010010111
1111010111011111110000110001110101011010001100011011110011000000100011101111001011101000101010110000101111100111110001101001111010110010111111010100110100111010101010111011101110111001110111101000000101011011011111100111100100001101011000010111000111100010
1100111101111000111000001101101110011100111111100000000101010100100110101100001001011000001001100000000110000101101010101011011011000001101101110101110101011110101000110111101010110000000001100001000111111010011010011010011101000111111011001001010000001010
0100000010101010110011101011010000110111111110000000101110100100110100000000111000110010101101010101010111100011100110001100010100111001000110100010110011010110100010110110101010111011000011011010101000111100101111010011100101110010101101010011101010111010
1111111000011111001101110000111000000110010000111001100101001010000100010011000011110110010001010100111000100111011100001100011001101110100110011000110110100111111101100111111011101010111100011001100111000100010110100111101001000011100110110111110111110010
1011101011011101001001110100111110000011100010111101111110101110001100100100000111100111100110010100100001000111000011111000011010101111110110011001101010000110101010111110001001010101001100100001010110011000001000101001011110010001111101101110110000110100
0011100111100010101011001110011111100100001111111101100111100100001011011110100101000101110001110001000110000110101111111001000000011010111111101010110101111010011000010010110110010010101000000011101001001100110000101101011001111100111101101010111001001000
0110111000011001011000110100010001001001110111001001111011110011000001111110001001010001001101001010110011011001100000100111001100000001101111110100000001100111000101000000000010010101101011110111001100110000111000010010011111000001111110111000100010111000
1000110101101100001111010000011111000111110010000011110101000001111111000100111111110101010011110010101011001111101100101100110101101010100011011011011001111010101111010101101001001011011111100101001001000001001011001100001110100101100100010101110100010111
0001001001010000100001011011010101101001110111100111010001111010011111011110110010011101110011011100000001101100110000000001001011111101010111111011110100010111100100111110101110101000011011000011000011010101000101110001011010011101001110101101001111100111
1010000000010001000010011001011001001110010001001111110101100000111110011111000000100110111101111011000000011010001101010011111110000000011110101110011000100110000011111011011110100011100011111100100011001000000100001100010100010000001010100101000001011010
0110001100001110101111110011000100000100011110010101111001011010111000100100001010011100001011011001111000110110100111101111100000011000101110100110000111001001001111000101000011110101000101110000001110010100110010111001101011111111001101110001100111010101
1100110010000010010111011101010010101010011001010001010001010100101101000000111111101011010100100011111100001010011101100100100111110101011001010111110011000101111100010010011100011000100001100111101001101101000101100010000001110011011001100000101101111011
1000100011000011000111001101110000010110010011101111101100110111110000100010010100010110111001000101110111000110110101101011001001001010010101110111011011000100110101001110111011010101000010101010001100110101010000000100101001011001110011010011011000111000
0001001001010101000010100000111111110111111000011001010111110011000100110101010001000101000001100101011111010010101010101100011110101010001000110110010100000101100101111101101001001110001001011010111101110101000100000010100000001001010001100111010111010101
0010011100101000110101011011101010010011111110111101011011010111000100110010111101010001010011001000111100001110011001110000000111110000000011011011100111100111010001000011110001111100110011111010111010110110010110011011000011110100010100101111101111010100
0011000001110010100010110110010110100011000101000001010101001100001110111111011000111111110101010010001111100100101001101011010100000001000011101010110111000101110100001111111101100101101011101000010001101011100111110010101101000010100000101100111001111001
1111000110101101100110111011000100000010011111100101001110011111010010100011111111111011100011011100010100111001000100000010101010010100000100101010100100100110000000011110011011011000110111000000000101100110110110110111111111001010011110000000000100000100
1110101001101101000001000010000111001010100011110010101100010011101101101011100011110110011110101101100110111100010011100001101111100110001010010010110111100011110011101111001111011110011011010000101101011111111001011000001011000000100110110010001111011000
1001011010001000101111010001110100001111111001111011100100101101100100101011001100100110111101110111000011010001011000100111000111111111101010110111010000001111100001000111000100010011001010110101011111000010000011000000100100000110000000101000111000110011
1101111010101101101001100110111000001011100000011001100100111110101111000011111011101100110011010101101100100010000000000011111101111110000101011111000000000100100000001001001010000110001011100100111000000000111100100110110001011110110111101100100001011000
1010010110100011101011010111010101111111010001000011111101010101101110101101110101100111010000000110011001010100111100001010101011011001011111100100100001010011110010111101001010111001000110010101010111000110011010110101110000000011000000010010101100100011
0101001011111110110011000110000000011111101110000100110001101100011100101111110111010110111110000010010001110100101110110110111011001101100010100100110000010001101110001011110010110110110001010011111110100111100100011100111100011101101100110101010011010011
0100111100001011010010111110011100011111000100101000111101111010001011110111111001000100100100110101001011111110010100010000110100111000010010110111101100001101101100101100010111101101001100000101011010110010000101010100011000010110111011011000010101011001
0110011011000111111100101110110101111101110110000011000011010011000110111100100010011011011110010100000110111000000000110111000111001010111100010100010110100000110111011100001101101010100011010101110100110001101110000100101010101101110001101011110101111110
0011011101111101010010010110000101111101110111110010000111101001001011101110000011011100000001110110001101101101101111011110000000111010111010010011000001010101101110101100100011001111100110000000110001001001011100100110001011011100110000001001111110001011
0010010100000001101110011110110101011101001010010010100011010110001110111100110011100011101011010100110000010001100101110101011001001011010100101001000001001111100011000101000001001011011000010011001001100010100001010101000000100000000010001011000000111000
1000011110011010001000000011001001110011110001100110110101111111101101101100011011010101110111011110100101111000111110011101011110010010110010110111101001111010100101111101100010100000100011000100000000100101100001100100000011110110010000101001101010110111