1100110011011001110110011100011111000001111100000011110101011111011010100001001000110111000001111100111110100011110000001001001000011011010111001110101010100101110011011111011101101001101111101000010001111100011011111111010110010100000110100010101010111001
1101010101100001011110001101010001001101100100000101100010010000111011011111100110110001010100011101110001101010001001111000011111000110100011010000001110010111100000000000011000001100101011010011011110011010000110111010001101011000010101101110010111001100
0000101101010010110000000101011001000001001110111111010000010000110000111010001101111000100110110010100110011110001000001010000101110010110111111011101000100001000000001101010111000100101110101110110111100011011010001011100110101110000100010001001100010001
0010111011010101001111010010010001100111110010100000100000110010111100011101000110010100011001110100111000010010000111000001011001111010110110001100000011110100110001010111100111101011000110000110100110000101110001011011011010101101110110010101011001110101
1110101110101111111110101111101010000000111100100011111011100000111110110010001110011010001111010001000101001101011011101000010011111111000001101001100011101110010101101100111110010100100101100010100100010101001101010100110001011001011011001100010100111110
0011010111110100101001001011011110111001100001110100000001110100010000001011000100101010100011100100000111001010000110110101110001110110100100001011010000010100000011011011011001000110001001000011010010011110000010000010100111011101001001101110101100101001
1111010101010111000100101110010110011011101100111000010101110001100001011110010011010110010001010010110110100111011000111101001000111110010000000110010110010011111010101000100111000000001110100100110110100101111100111011001101000111000000000000111001010100
1001110110111100100101010101110011100010010101001110001010000000011101001100000100111001010110111101101011011101110110011001101011111111111101110100010100000000000101100111111100011011010100101110010001100110111000111101111011001101001010000011010010100101
0010110101001101100011110010110101011000101010011001001001011001111010111010110001010000110011011110101100010110000001000111100110000111101101101011011101010100011111101010001110110011001111100101001010101010101111010110011001000100001000101000001110100001
0000010001000011100010011101001000011001101100001110100011100001110101001101011111001011101100111100110110000000111111001010101010101101100111001111111110111110101000111011101111010000101010111110000010101101110010010111110100101000010111001000010110100110
0111001101101101010000011000001001000110111100111001000110011001110101011111000110100001111010110001111110110000101110111101001000101000100101110000111001100000011110110101110011100010111100001101000101101100001101010000110110111110001110111011010010111100
1101000000001100011011001010011011011100101100010100011000110011011110110100110011101110111101001000001000100101011010010111111010111111001111100110000110011110000001001110011110000111101100110100111101110100010010100001110000001001001011001000000000101011
0000011000010011011101010000101111011000010100100110011000011011001000111101011101101001100001011100111000100001011110001111010111111100101110110101101100110011101111001111010010111001101001011000110011010110110101111111111100001110001110110011111101010011
0000011001011010001000111111111001000000001111011111111010000101110000111100100110100101001101100000010000010000001100111011000111110011101010000111011010010001010001100100011100011110011101111100000000101111111101000011111000011101000101101010011001100000
1110101110010001000100110100011110101100001100111000010111010000001011000111000101000101100010000111111010000000101110010011101111100101000101011000101000011011011111100101110010111110110011011100000110111110000010011111110100111010010100001100111110000100
1101001001111110000100011100011011010101110000110011000010110110000011011001111100010010111011100111100001101011110011110010000110010011001010111110110101010111101000100111010101011110011001010010100010001101110111110110110011101111111001101110000011110111
1101000101000111011110101110100111001110100100011000011010110101000110001111111010110110111111101110010111001111101111100010101011101001110110000111001100100010101110111110001011000011011010110110101011111110010101000110000101001111001000000100000010001011
1010100000110001110001010110011111011011011011110000101001100101001001101011000110111101100001000010011000111100110100100110010101001111101100100101001100010100000111110001101110111111000001101110111011001011101110110010001001010011101110100111001000001100
1100001110101110111101001010101110111111111001010010110010000100100000100111110000001001100011100000110111111100100001011001001001110000000110010000111100100110000000011010110001001100111101000100001100010100101000101011110101001001110111110101101101101110
0110011011000110001000010010111010110000011111010110100011110111011111110001001101110010100101001011011010001101100111001101011111001100001110010111101001011101010001111100011110100000010111111011010101001100001011101011011110010001111010101000010010001111
1110110100111100011111001011000101000110001010010100011101011100101011010101000110000100000101111001011110001011111011000101110111001101111111000101010100111000110011001100000110100100111011100010101111011011001011111111011110100000100011110100100110010110
1000011011011000110111110001011101110010000001110011110100100100111010100111000100111011110001010101010011000000111100111110010001101011111000010011110010011100001000100011000010010111100001110111000111111100000101010010000001101000111100011100001001100111
0000011010010010000100010101100100011001010100001100011011001100100100001110101001001011000001010001100110010101001100111100110110110000101111001111010010111000010100011111000001111010110110111101110110101010001011110111011011010011001100011001101110000010
1100010001101101000100010011110011111100011100100001110101011100001110110110111110001011001010001110011101001000111110111110110110001001001010110100111010000011101100001000101010011000111000110010110101010011011001111001011011111100010000110011101110001001
0010110111111001010010011001000101101100101111011010010101001001000101000101101011110101111011011110010100010001011101011111000010100101011010110111011000010110101101011101000100100110101001110100001111001001011111011111111000010010111110001101111001001111
1000000000010111100110011101100100101010010000111111010001001000010101001010101111011111011010001000100000000001011001110010010111100011111000110000011001110101001110011001100010110011111111110111100010010011011100110011100010100010110101101111100111100011
1101110001010001000000110110011111100010100101100101010110000110101111001001000111100110111000000100110010000111001100101011001010001011001011011001111111000101100101010001110001011000111110111001111010101000001100010101000110000101101010010110100101010001
1111111001000000100101101011111101101111011111111001000001011101101000101111100010000111011010000101000001101000111011111110100111001110000110011110010111001101011010011111111100010011101101011110000100000011100101001000010110111011000001100101001011010101
0101100000100010101111101111011101100011010100010111100110001011101111000101000010000010110100101100110010010101010101010100111111100100100110101001010101011111011001001101100100100101110101000111010110010011111001111101011110111000110000010010011110111111
0011110000110101111100001010101101001100110101011101110111010111100101001110100101001100110010110110011110000101010000110001001101011010001011101000110100000100110010111100011110101000000010100101010100110010110011110001100000000111011010011100101011110111
1100000100000011001011100001011101110000111011111001010001100001101101010001000100101000010111010111000010100111001101101001010011101000000010101111111100110010101010011111110001001100000011111001111000000000110110010111001111011000010011001001010101000100
1110110100101101000100100101110110010011111100100110100001110101101101111101110001111101110111110011110000101110100000011100000110100010111001100110010011111010010111101011101100101000110111010001011100100011010011010000100000001111110000001101100010110100
0001100101110110010101000000110100110001010001011100000000111111001110111110011110010000001110000001010000111011110011000010111010011001001111000000111111001010100110111001101100101001000111010100110110011000000100001100110010101110110111000010010100110011
1110011001000011111000110001000000001101000111101000010000100001110110110110111110011100001101000010101010101010000101010110010001111000110010000000011001101100010110110010011110110110101001100110010011101010101001101101000111100100001011100111101111111010
1011011111110100101000010000100010001111100101010110110001001010001010010110110111110011100001110101101100110010011111111010111000000011111100100010100011101110101100010001001000011110101001111010100001001010100011011111011111000111010010010110111000011001
0100010011110111011111111111011011001010111011101111110100001010010000001000011011101110110001110001010011011100000011011000011001101000101011101110111010101001010110101001110000010111110010100011100111011000000100001100011111000010001111001000100000110101
0010100001010000100110101100000010011011011010000111010001000101000000001100001001011110001101001110100100010000010001010010001011111110010010111110010101100001101010111001010110101001101001000000010101100111010111001111000010110101110110001010001011001101
0100011100101010010010010100010111100011001000101001001000010101000011000011110101111001001111101000110001001100001111010010111110100011100010101101101101001100110101111101001100110011110110110101100110000110010100011110001110010000001111111001001000101100
0101101111011100001111001010111101100111111101110011010001101001011011011011100011011010110001111000101110011100110101100110111001010000100110101101110001001001101100001101101010010111100000100000100111111101100100100000110111110001101010110011110110010001
0101110011100110111100110001111101111000101001010001111100111100111101010000010100010110100111100101011100011110110101110011110010010010011110010111101011110010011111101011101110001110110000110111101111100101111100110111000001101011000000011101011100111110
0110001100101001111011011100010010010110011111011011110110110110101011011000000111010001100110101001110001111100010101110000000110101000001111001110000010101011100000011001000100010001001110011111100000100101011000000111111110011110111100101010001100101010
0001000110010111101000010101010000011111011010100101001011000100010100000011100001100111100010010001110010000011001001110011101001011110001111101100001110101101011010111011000010010000010010000101000101101100111111100100000010011111111100010111110101101100
0000001110101000101010000001001010111110010100011111101100111111010000001010000010111001000010101000111000001110010111001010000100110100110001100000100110010100001110001010001111100001001110010100111110100110000001010100010000110111100000010110111000001011
1101111110010011111111001000011011011100111111001000100000011011011000111000100100001100000001111001000101001110010111001000111111101011000010110111010010010000100101011110011010011111001001001010010100101000100011010001111100101000101101010110111110010000
1111010001011110111000101111010110101001110100100010000010010011101100010000011110011101101111010011011000011001000101001100110001011011010101001000110100110011000101101011011111010000010110011011110000100100110111010111101111100100000110101110100101010110
1110110101000001101110001011111110000001010111111100111011000001110001010001111010001001011010000110111001011100110110110001101101100110011000101011100110101010101011010101000000001110110010010111111000111101010111011101000101001000010000101010011010010100
0111100011011010101010110011110101100110110111110101011110001011010000111111011101000100000010111101001101001111111110111110000011110000101001111000111111011001011101100101111100100010100110101111111101001011000001100010011110111101111111111000000011010100
0111010011011000001011011010110000110111100110010001000101111001010010000101110010101001111000001100011100001111010001000110101011010001011101101000011000011011111000110110111011000100000000101101100000010000110001111000010011001111000001000001000011110111
0100100010100101010111001011100010100101110001101110110101000010100100110101110101101001111001000000000000101110001000100000000110001100101110110001010001001110010111101110000001111101111010001001010000110111000010011000110011001100100110010111110001000010
0010101000111001011100110110011101111111111000101010111011010010010110001111011010111010111011010000100000101111111110110111111101010111001010001001110110001011010110000001000001001101011000011111111000100110000101010100000110011010100001111000110001100101
0001100110001001001101010111110110111101101110000111110100110011111100111011000011101000011100110100101111010101111000001011001010011100000010000010010110111010011010101110110010001100010010101000100010001000110110100101100111111011110010011001000011011001
1001000100001101101110011111111000000110110011011000111111011110011100011111011101110100001001111101010110110001001100011100001010100010001011001110001011101101100110111001001111111000010000101100110010111111111011011111100101101011111010111011100001110101
1010010001100001010100100110011111000100110010011010101101111000010111010111100101100001010111000001101001101001101110110010010001111001111010101100111111101000001001101001111010011010010010100100001010110000110011011110010010000000100101010011111000000010
1011000110101111101000000011010001001101011100111111111100100110100101001000011101010100000011011110101011001101101000100111101000101100001010000010110100010111011000001011001000100110001111011101110101000110010110001000110001011111010101000110000001001100
0010001000110000101101010111001001111010110010111011110101101101001001110110000000111011000111101011000001101101001110011010111011011010110110010100001110100100111000111110111111011000111100100111001100000111101101011101100100110011100110101100100010001111
1101111011011100000110001010001100001011000110000001001010000100100110010111110100100111101111011101010111111001110000010011110010000110111001010011011000100011110000110111111100010110101001111001011101001001101000101110100001111100010101110000010001011011
1110011100100001010110011001101111101001010100000000000010101010011111010101010100101100010010000111101111010111000101101110001010101110101011000010101100101001001000010111010001110101110000000011111110001000100101101100100000101110110101000001110011011111
0000000110101100101110101101110111101101110000101011011111100111101010100101011111100100100110010110000100101010010111110010000001011011111011100000010110010111111011001111000000111011010110101010110101100101110001100100010000011011000111010101110001000001
1001111010001000101010101100100110111101111011001010011010001011110110100100001111001100001010111011111010011011011011011010100101100110110110001101111111001011110011100110100000000010111001101110001000010100111101110011111001111011101101110000010010011100
0111010100000111000001100101100010101100101001011111000100101000101011101001001001000101101011110000001100011000100100001001110111001011011100010110110110000111011001111100000101001111100101000101010111101101101010010111011001110111011010011001010011001011
0101101100011110001000100001101111010110011011111111000110111001101110100011001000110110010010101000101011110011000100111100111100000100000111010111110010001001101001110011011000010000000101110101011000001111111011000000010010000000010110110111001000011011
1000101000001111100110000110010001011000001001011001110000100000011100010110011000100001010111100100100001100101100110100011001100100110010100010110111111000000110111000111011000110001010110001000010000101001111101011001101001100001100100011110111010001101
1010111111010011010000011010101101011010110011110110111101011011001111101011110000110000100011111111100010000000001100110001110110000010001111010101111101100011111010110101101011101111100101001100001111100001101110011111001011010110001100111011100110011010
0100111011110111100001011000100100101010000010110111101111010101101111101001110010110000011011110110100011000010100100101001010001101110111110101111100000001100100000000001101111111110111110001010101010011011100110100110000100000011010010000011100001101111
1011001100100110101010001100101001110011111100111111011110110000100110111000110001000100100011000111111111101111011001110001010010011110101011111111100110110011000010111001010101100000111100010010100011101110010111001100011011111011100001111100100010100110
1110101001010000100011010010111101100011111011110001111111011001100000000110011000011101011100000000111010010100110011001101101111100010010111000110010111110110100100101000100111001111001110101101110010011101001111011010011011100000111001011000101101000000
0110001011001110011101001010111010110010001101111111000100011101111110011101000001010011000110101011111110101011111111011111111111011101000010111111110111001111101001001100011010000100011101001000000111000110100110100110101111011001010000111001001101011101
1000000010110001000001010001110100010111110010100010010101100110111010101011001000001000100100101111001110010101100101011111011011101011000111011110001010011011111000000011101111101000000100110011001001000110100010111010111100100110010100111011000101001100
0101011001001110001011000100011011001011001101101101010001011011010100100010010010000011110100100100110000111110111110001110011000101100011001010000101100110011000001000011110101111111010001000000000011100001010101111010010011001111100011011011010111000111
1000101100001111100011100011110101000111010011110000001001111011000000001010010011001001100010000011101101001001000111110010010000110100110011000001111000011011110100111011001011001001100101100101010001100100001000010111110100111111111100100010010100011111
0110100111100111110111010110000011000110100110001000110100000111011111000111001101011011001010110000111010010111010111011011000001000000110011100011001110110101011111110100000010001111101100111110101100101011110000101101100011011111110101011101010110111001
1010010000011011001101100101011001110001011101111101001101010010011010110000001110011110000101001110111000101000000000100001110001001110110101101010010011100010101011101110110001100110110001100000001101000111110110001110001101000101011110000110000100111101
0100101001010110110001111011011100010101011010000001010011110111101110100111100001100000001000001001001100101010110011000111100010110110001001111011010010101111101100010000111000000001000100001101111011101110000110110011110101001010100101110000111010010111
1111010111001111110000110001110101001010001101011000110011001100100011101011111001101110101010110011101111110111110001101001111000110010110111010110110100111010011010001011101110111011110110101000010101011011011110000111100100001101011000100011000111110010
0111111111111000111000011101101110101101111111100000000101110100100110101100001001011000001001101000000110000111100010101000011001000001101101111101110101011110101000111111101010010000000001100001100001110000010110011010011100000101001011111001010000101010
0100000011101010010011101011100000111111111110001000100010100100110100000000111000110010101101010101010111100011101110001100010100011001000111100010111111010110100010110010100110101011001011011010101000110100100011010011100101110010001111011011101001111010
1111010100111111001110110000101000001110010000111001100101000110010000010011001111110110010001010100111001100111011100001100001001101110100110011010110010100111110101100111111011100110111100011001100111000100101110001001101001000011010110110111110111110010
1000101011101101001000111100110101110011100010011001111110101110101100100100000111101100100010010111100001100111010111111000010100101110111010011000101010000111101110111100001011010101000100110001011110011001001000101001010110010001111001101110110000110100
0011100110100010101011001111011101100100001101111101110100110100001011011110100101000110110000110001001110000110101111101001000000001010111111101010110110011010011011101010110110010110110001000011000010011100111111101101011001111110001101101000011001001000
0101110111011010101000010100011101001001110111011001001011110000000001111110001101010010001101111010000011001001100001100111001100000001111111110000000001110110100101000000000000100100100011100111001111110100111000010010011111000101111110001000110010101000
1011010101001100001111110001011111000111110010000001110101100001111111000110011110110111010001110011101011001010111110101110110101100010100011011010011101101110111111010101101001001011111111100101000001000001001010001100001100110101100100011101110000010100
0001111000010000100001011000010101101011010101100111110101111010011111011110110011011101110011010110000001100100110100000001001011110111010100110011010100011100100100111110101110101000011011000011100010010101111101110001001010011111001101101101111111101100
1110100001010001000010011011111001001110010001001111110101101001110110001110000000100110111001101011110000010010011101000011101010000000001100111110001000110101010011001011011110110111110011111100000011001000000000001010010100010000001010101001000001011001
0110000000010110011111010011011000001100011110010101111001011010111000100100111010001110000000011001111011110100100111101111011000011000101110100110000111000101001111111110110011000001000101110000001110010100110010011001101011111111001101110010100111000101
1100110000001101010110000001010110101010011001010000000001010100101110000000111111001101010100100010111111001010001101000100010111110101011000010111111011000101111101011010011110011000101001100111101001001101000101100000000001100111101001101101111101111011
0100100011000000000111011101000000010110010011101101101100110111010100100011110100110000111001101011110100110110110101101001001001001010010101110111011011010000111101011110011111000101000010101010101000010101011100000100100000111001110010010011011100111010
0001000101010101000110011000111111110110000100011001010101111111000100010001010001000101000001010110010101010010101010111111011111100110001000010010011010000101100100111101100101001110001001101010111111110101000111000011100000001001100000101011010111100100
0000011110101000110101011011101011010011111111111110011001110111000110100010110101010011011011001001111100000011011010110000000111110001001011011101110111100111010001000011110001011100110001101011110100110010110010011011100011110100010100100011101111000100
0011010001111110100010110110010110100111100101000001011101000001001100111111010100111000100001000010001111000100101010100111011000000001110011101110110111000101110100011111111101100101100011101010010000100011100111110010101111000010100000101101011010111001
1010001110101111100010111001000100000011011011100110001110011111000011100010000011100111100011011100010100110101000100110011111000010111000100101000100100100110001100011110011001011101110111000001110001100110101001110111111011000110011110000000101000000100
1110111010111101000011000000100111000110100010110001110001000011101101101011100010111001011100101101100110110000010010101101101111101011000101110010111011100011110010101111110101101110011011100000011101001011111110011000001011000001100101110010001111011010
1000011010001100101111010001111100011110111001011011101101100001100100101010111100110111111001100100110000000011001011110111000111111011101010000111010100001111101101000111001100000010011000110101011111010011000000000000100001000101000000101000011011100011
1101001001101110100001101011110101110100110000101101101100111101101111010000111011101000110000010101101100100010001100000011111110111110000100001101001100000100100001100001001010110110001001100100111000000000110000100110110011101110010110001110100010011011
0011010111101101000101011011000101111000110001000011111101000101101100101001010101100111010000000110101101011100001100001001101011010101011110010111100011010011110110111101000011111001000101010110010111011010011010001010110110000010100000011110101110100011
0101011011010010100011000011001100101111101110110111000101101100011100100111110111110100111110000010011010110101100010110101111011001111000011100100010100000111101110001011110110001010000011011011111110010111110111100000111100001101101100110001010011010100
0100110100001011100111101101111100011100010000101100110001001100011111111111011010100100000100110101000101111110010100010000110110111000011110110111101000001101100011101000010010101101001100000101011110011010000101011010011100110110111011011000010101011100
0110011011000111111110101110110101111101110110001011000011010011000110111100100000011011011110010100000111111000000000110111000111001010111100010100010100100000010111011100001101101010100011010101110100110001101110000110001010101101110011101011110101101110
0011011101110101010010010110100101111101110111110010000111101001001011101110110011011100000000110110001101101101101111011110000000111010111010010011001101010001101110000001100011001110100110000000110001001001011100100110001011011100110000001101111110001011
0010010100000001101110011110110110011101001010010010100011010110001110111100110011100011101011010100110000010001100101110101011010000111010101101101000001001110100011000101000001001011011000010011000001100010100001010101000000100000000010001011000000111000
1000011110011010001011000111001001110011100001010100110101111111101101101100011011010101110111011110101001111000111110011101011010011110111010110111101001111011100101111101101001000000000011000100000000100110100001100000000000100111000100101001101010110111